onset	duration	sample	type	value
0	n/a	1	STATUS	61440
0	n/a	1	Epoch	n/a
0	n/a	1	CM_in_range	n/a
0.654296875	n/a	336	STATUS	61694
2.154296875	n/a	1104	STATUS	61450
3.654296875	n/a	1872	STATUS	61463
4.021484375	n/a	2060	STATUS	61471
4.294921875	n/a	2200	STATUS	61472
5.029296875	n/a	2576	STATUS	61480
6.037109375	n/a	3092	STATUS	61490
6.796875	n/a	3481	STATUS	61501
7.296875	n/a	3737	STATUS	61510
7.546875	n/a	3865	STATUS	61450
9.046875	n/a	4633	STATUS	61463
9.412109375	n/a	4820	STATUS	61471
9.6875	n/a	4961	STATUS	61472
10.421875	n/a	5337	STATUS	61480
11.4296875	n/a	5853	STATUS	61490
11.73046875	n/a	6007	STATUS	61501
12.021484375	n/a	6156	STATUS	61510
12.271484375	n/a	6284	STATUS	61450
13.771484375	n/a	7052	STATUS	61468
14.138671875	n/a	7240	STATUS	61471
14.87109375	n/a	7615	STATUS	61472
15.146484375	n/a	7756	STATUS	61480
16.154296875	n/a	8272	STATUS	61490
16.630859375	n/a	8516	STATUS	61501
17.47265625	n/a	8947	STATUS	61511
17.72265625	n/a	9075	STATUS	61450
19.22265625	n/a	9843	STATUS	61463
19.587890625	n/a	10030	STATUS	61471
19.86328125	n/a	10171	STATUS	61472
20.59765625	n/a	10547	STATUS	61480
21.60546875	n/a	11063	STATUS	61490
22.0546875	n/a	11293	STATUS	61500
22.212890625	n/a	11374	STATUS	61510
22.462890625	n/a	11502	STATUS	61450
23.96484375	n/a	12271	STATUS	61468
24.330078125	n/a	12458	STATUS	61471
25.064453125	n/a	12834	STATUS	61472
25.33984375	n/a	12975	STATUS	61480
26.34765625	n/a	13491	STATUS	61490
26.8984375	n/a	13773	STATUS	61501
27.0390625	n/a	13845	STATUS	61511
27.2890625	n/a	13973	STATUS	61450
28.7890625	n/a	14741	STATUS	61463
29.15625	n/a	14929	STATUS	61471
29.431640625	n/a	15070	STATUS	61472
30.1640625	n/a	15445	STATUS	61480
31.171875	n/a	15961	STATUS	61490
34.33203125	n/a	17579	STATUS	61501
34.83984375	n/a	17839	STATUS	61511
35.08984375	n/a	17967	STATUS	61450
36.58984375	n/a	18735	STATUS	61463
36.95703125	n/a	18923	STATUS	61471
37.232421875	n/a	19064	STATUS	61472
37.96484375	n/a	19439	STATUS	61480
38.97265625	n/a	19955	STATUS	61490
40.1484375	n/a	20557	STATUS	61500
40.33984375	n/a	20655	STATUS	61510
40.58984375	n/a	20783	STATUS	61450
42.08984375	n/a	21551	STATUS	61468
42.45703125	n/a	21739	STATUS	61471
43.19140625	n/a	22115	STATUS	61472
43.46484375	n/a	22255	STATUS	61480
44.474609375	n/a	22772	STATUS	61490
44.931640625	n/a	23006	STATUS	61501
45.1328125	n/a	23109	STATUS	61510
45.3828125	n/a	23237	STATUS	61450
46.8828125	n/a	24005	STATUS	61463
47.25	n/a	24193	STATUS	61471
47.5234375	n/a	24333	STATUS	61472
48.2578125	n/a	24709	STATUS	61480
49.265625	n/a	25225	STATUS	61490
49.716796875	n/a	25456	STATUS	61501
50.041015625	n/a	25622	STATUS	61511
50.291015625	n/a	25750	STATUS	61450
51.791015625	n/a	26518	STATUS	61468
52.158203125	n/a	26706	STATUS	61471
52.890625	n/a	27081	STATUS	61472
53.166015625	n/a	27222	STATUS	61480
54.173828125	n/a	27738	STATUS	61490
54.716796875	n/a	28016	STATUS	61501
54.890625	n/a	28105	STATUS	61510
55.140625	n/a	28233	STATUS	61450
56.640625	n/a	29001	STATUS	61468
57.0078125	n/a	29189	STATUS	61471
57.7421875	n/a	29565	STATUS	61472
58.015625	n/a	29705	STATUS	61480
59.025390625	n/a	30222	STATUS	61490
59.966796875	n/a	30704	STATUS	61501
60.142578125	n/a	30794	STATUS	61510
60.392578125	n/a	30922	STATUS	61450
61.892578125	n/a	31690	STATUS	61463
62.2578125	n/a	31877	STATUS	61471
62.533203125	n/a	32018	STATUS	61472
63.267578125	n/a	32394	STATUS	61480
64.275390625	n/a	32910	STATUS	61490
64.576171875	n/a	33064	STATUS	61501
64.974609375	n/a	33268	STATUS	61510
65.224609375	n/a	33396	STATUS	61450
66.724609375	n/a	34164	STATUS	61468
67.091796875	n/a	34352	STATUS	61471
67.826171875	n/a	34728	STATUS	61472
68.1015625	n/a	34869	STATUS	61480
69.109375	n/a	35385	STATUS	61490
70.04296875	n/a	35863	STATUS	61501
70.53515625	n/a	36115	STATUS	61511
70.78515625	n/a	36243	STATUS	61450
72.28515625	n/a	37011	STATUS	61463
72.650390625	n/a	37198	STATUS	61471
72.92578125	n/a	37339	STATUS	61472
73.66015625	n/a	37715	STATUS	61480
74.66796875	n/a	38231	STATUS	61490
75.30078125	n/a	38555	STATUS	61501
75.693359375	n/a	38756	STATUS	61511
75.943359375	n/a	38884	STATUS	61450
77.443359375	n/a	39652	STATUS	61468
77.810546875	n/a	39840	STATUS	61471
78.54296875	n/a	40215	STATUS	61472
78.818359375	n/a	40356	STATUS	61480
79.826171875	n/a	40872	STATUS	61490
80.17578125	n/a	41051	STATUS	61500
80.310546875	n/a	41120	STATUS	61510
80.560546875	n/a	41248	STATUS	61450
82.060546875	n/a	42016	STATUS	61463
82.427734375	n/a	42204	STATUS	61471
82.701171875	n/a	42344	STATUS	61472
83.435546875	n/a	42720	STATUS	61480
84.443359375	n/a	43236	STATUS	61490
85.251953125	n/a	43650	STATUS	61501
85.9609375	n/a	44013	STATUS	61510
86.2109375	n/a	44141	STATUS	61450
87.7109375	n/a	44909	STATUS	61463
88.078125	n/a	45097	STATUS	61471
88.3515625	n/a	45237	STATUS	61472
89.0859375	n/a	45613	STATUS	61480
90.09375	n/a	46129	STATUS	61490
90.751953125	n/a	46466	STATUS	61500
91.15234375	n/a	46671	STATUS	61511
91.40234375	n/a	46799	STATUS	61450
92.90234375	n/a	47567	STATUS	61468
93.26953125	n/a	47755	STATUS	61471
94.001953125	n/a	48130	STATUS	61472
94.27734375	n/a	48271	STATUS	61480
95.28515625	n/a	48787	STATUS	61490
95.8203125	n/a	49061	STATUS	61501
96.169921875	n/a	49240	STATUS	61511
96.419921875	n/a	49368	STATUS	61450
97.919921875	n/a	50136	STATUS	61468
98.287109375	n/a	50324	STATUS	61471
99.01953125	n/a	50699	STATUS	61472
99.294921875	n/a	50840	STATUS	61480
100.302734375	n/a	51356	STATUS	61490
100.662109375	n/a	51540	STATUS	61501
100.8125	n/a	51617	STATUS	61511
101.0625	n/a	51745	STATUS	61450
102.5625	n/a	52513	STATUS	61463
102.927734375	n/a	52700	STATUS	61471
103.203125	n/a	52841	STATUS	61472
103.9375	n/a	53217	STATUS	61480
104.9453125	n/a	53733	STATUS	61490
105.26953125	n/a	53899	STATUS	61501
105.62109375	n/a	54079	STATUS	61510
105.87109375	n/a	54207	STATUS	61450
107.37109375	n/a	54975	STATUS	61468
107.736328125	n/a	55162	STATUS	61471
108.470703125	n/a	55538	STATUS	61472
108.74609375	n/a	55679	STATUS	61480
109.75390625	n/a	56195	STATUS	61490
110.669921875	n/a	56664	STATUS	61501
111.203125	n/a	56937	STATUS	61511
111.453125	n/a	57065	STATUS	61450
112.955078125	n/a	57834	STATUS	61463
113.3203125	n/a	58021	STATUS	61471
113.595703125	n/a	58162	STATUS	61472
114.330078125	n/a	58538	STATUS	61480
115.337890625	n/a	59054	STATUS	61490
115.671875	n/a	59225	STATUS	61500
115.896484375	n/a	59340	STATUS	61511
116.146484375	n/a	59468	STATUS	61450
117.646484375	n/a	60236	STATUS	61468
118.013671875	n/a	60424	STATUS	61471
118.74609375	n/a	60799	STATUS	61472
119.021484375	n/a	60940	STATUS	61480
120.029296875	n/a	61456	STATUS	61490
120.6796875	n/a	61789	STATUS	61501
120.99609375	n/a	61951	STATUS	61510
121.24609375	n/a	62079	STATUS	61450
122.74609375	n/a	62847	STATUS	61463
123.11328125	n/a	63035	STATUS	61471
123.388671875	n/a	63176	STATUS	61472
124.12109375	n/a	63551	STATUS	61480
125.130859375	n/a	64068	STATUS	61490
125.5546875	n/a	64285	STATUS	61500
125.74609375	n/a	64383	STATUS	61511
125.99609375	n/a	64511	STATUS	61450
127.49609375	n/a	65279	STATUS	61468
127.86328125	n/a	65467	STATUS	61471
128.59765625	n/a	65843	STATUS	61472
128.87109375	n/a	65983	STATUS	61480
129.880859375	n/a	66500	STATUS	61490
130.546875	n/a	66841	STATUS	61501
130.9296875	n/a	67037	STATUS	61511
131.1796875	n/a	67165	STATUS	61450
132.6796875	n/a	67933	STATUS	61463
133.046875	n/a	68121	STATUS	61471
133.322265625	n/a	68262	STATUS	61472
134.056640625	n/a	68638	STATUS	61480
135.064453125	n/a	69154	STATUS	61490
135.6484375	n/a	69453	STATUS	61501
136.013671875	n/a	69640	STATUS	61511
136.263671875	n/a	69768	STATUS	61450
137.763671875	n/a	70536	STATUS	61463
138.130859375	n/a	70724	STATUS	61471
138.40625	n/a	70865	STATUS	61472
139.138671875	n/a	71240	STATUS	61480
140.1484375	n/a	71757	STATUS	61490
140.763671875	n/a	72072	STATUS	61501
140.990234375	n/a	72188	STATUS	61510
141.240234375	n/a	72316	STATUS	61450
142.740234375	n/a	73084	STATUS	61463
143.10546875	n/a	73271	STATUS	61471
143.380859375	n/a	73412	STATUS	61472
144.115234375	n/a	73788	STATUS	61480
145.123046875	n/a	74304	STATUS	61490
145.44921875	n/a	74471	STATUS	61501
145.740234375	n/a	74620	STATUS	61511
145.990234375	n/a	74748	STATUS	61450
147.490234375	n/a	75516	STATUS	61463
147.857421875	n/a	75704	STATUS	61471
148.130859375	n/a	75844	STATUS	61472
148.865234375	n/a	76220	STATUS	61480
149.873046875	n/a	76736	STATUS	61490
150.32421875	n/a	76967	STATUS	61501
150.515625	n/a	77065	STATUS	61510
150.765625	n/a	77193	STATUS	61450
152.265625	n/a	77961	STATUS	61463
152.6328125	n/a	78149	STATUS	61471
152.90625	n/a	78289	STATUS	61472
153.640625	n/a	78665	STATUS	61480
154.6484375	n/a	79181	STATUS	61490
154.94140625	n/a	79331	STATUS	61501
155.291015625	n/a	79510	STATUS	61510
155.541015625	n/a	79638	STATUS	61450
157.041015625	n/a	80406	STATUS	61463
157.408203125	n/a	80594	STATUS	61471
157.681640625	n/a	80734	STATUS	61472
158.416015625	n/a	81110	STATUS	61480
159.423828125	n/a	81626	STATUS	61490
159.865234375	n/a	81852	STATUS	61501
160.0078125	n/a	81925	STATUS	61510
160.2578125	n/a	82053	STATUS	61450
161.7578125	n/a	82821	STATUS	61463
162.125	n/a	83009	STATUS	61471
162.400390625	n/a	83150	STATUS	61472
163.1328125	n/a	83525	STATUS	61480
164.140625	n/a	84041	STATUS	61490
164.515625	n/a	84233	STATUS	61501
164.7578125	n/a	84357	STATUS	61511
165.0078125	n/a	84485	STATUS	61450
166.5078125	n/a	85253	STATUS	61463
166.875	n/a	85441	STATUS	61471
167.150390625	n/a	85582	STATUS	61472
167.8828125	n/a	85957	STATUS	61480
168.892578125	n/a	86474	STATUS	61490
169.283203125	n/a	86674	STATUS	61501
169.625	n/a	86849	STATUS	61511
169.875	n/a	86977	STATUS	61450
171.375	n/a	87745	STATUS	61468
171.7421875	n/a	87933	STATUS	61471
172.474609375	n/a	88308	STATUS	61472
172.75	n/a	88449	STATUS	61480
173.759765625	n/a	88966	STATUS	61490
174.150390625	n/a	89166	STATUS	61501
174.5	n/a	89345	STATUS	61511
174.75	n/a	89473	STATUS	61450
176.25	n/a	90241	STATUS	61463
176.6171875	n/a	90429	STATUS	61471
176.892578125	n/a	90570	STATUS	61472
177.625	n/a	90945	STATUS	61480
178.634765625	n/a	91462	STATUS	61490
179.193359375	n/a	91748	STATUS	61501
179.5	n/a	91905	STATUS	61511
179.75	n/a	92033	STATUS	61450
181.251953125	n/a	92802	STATUS	61463
181.6171875	n/a	92989	STATUS	61471
181.892578125	n/a	93130	STATUS	61472
182.626953125	n/a	93506	STATUS	61480
183.634765625	n/a	94022	STATUS	61490
184.28515625	n/a	94355	STATUS	61501
184.46875	n/a	94449	STATUS	61510
184.71875	n/a	94577	STATUS	61450
186.21875	n/a	95345	STATUS	61463
186.583984375	n/a	95532	STATUS	61471
186.859375	n/a	95673	STATUS	61472
187.59375	n/a	96049	STATUS	61480
188.6015625	n/a	96565	STATUS	61490
189.244140625	n/a	96894	STATUS	61501
189.40234375	n/a	96975	STATUS	61511
189.65234375	n/a	97103	STATUS	61450
191.15234375	n/a	97871	STATUS	61463
191.517578125	n/a	98058	STATUS	61471
191.79296875	n/a	98199	STATUS	61472
192.52734375	n/a	98575	STATUS	61480
193.53515625	n/a	99091	STATUS	61490
193.884765625	n/a	99270	STATUS	61501
194.193359375	n/a	99428	STATUS	61511
194.443359375	n/a	99556	STATUS	61450
195.943359375	n/a	100324	STATUS	61463
196.310546875	n/a	100512	STATUS	61471
196.5859375	n/a	100653	STATUS	61472
197.318359375	n/a	101028	STATUS	61480
198.328125	n/a	101545	STATUS	61490
198.861328125	n/a	101818	STATUS	61501
199.134765625	n/a	101958	STATUS	61511
209.619140625	n/a	107326	STATUS	61694
211.119140625	n/a	108094	STATUS	61450
212.619140625	n/a	108862	STATUS	61463
212.986328125	n/a	109050	STATUS	61471
213.26171875	n/a	109191	STATUS	61472
213.99609375	n/a	109567	STATUS	61480
215.00390625	n/a	110083	STATUS	61490
215.51171875	n/a	110343	STATUS	61501
215.62109375	n/a	110399	STATUS	61510
215.87109375	n/a	110527	STATUS	61450
217.37109375	n/a	111295	STATUS	61468
217.736328125	n/a	111482	STATUS	61471
218.470703125	n/a	111858	STATUS	61472
218.74609375	n/a	111999	STATUS	61480
219.75390625	n/a	112515	STATUS	61490
220.328125	n/a	112809	STATUS	61501
220.470703125	n/a	112882	STATUS	61511
220.720703125	n/a	113010	STATUS	61450
222.220703125	n/a	113778	STATUS	61468
222.587890625	n/a	113966	STATUS	61471
223.3203125	n/a	114341	STATUS	61472
223.595703125	n/a	114482	STATUS	61480
224.603515625	n/a	114998	STATUS	61490
225.154296875	n/a	115280	STATUS	61501
225.279296875	n/a	115344	STATUS	61511
225.529296875	n/a	115472	STATUS	61450
227.029296875	n/a	116240	STATUS	61463
227.396484375	n/a	116428	STATUS	61471
227.671875	n/a	116569	STATUS	61472
228.404296875	n/a	116944	STATUS	61480
229.412109375	n/a	117460	STATUS	61490
229.830078125	n/a	117674	STATUS	61501
230.154296875	n/a	117840	STATUS	61511
230.404296875	n/a	117968	STATUS	61450
231.904296875	n/a	118736	STATUS	61463
232.271484375	n/a	118924	STATUS	61471
232.546875	n/a	119065	STATUS	61472
233.279296875	n/a	119440	STATUS	61480
234.2890625	n/a	119957	STATUS	61490
234.654296875	n/a	120144	STATUS	61501
234.9140625	n/a	120277	STATUS	61511
235.1640625	n/a	120405	STATUS	61450
236.6640625	n/a	121173	STATUS	61463
237.03125	n/a	121361	STATUS	61471
237.3046875	n/a	121501	STATUS	61472
238.0390625	n/a	121877	STATUS	61480
239.046875	n/a	122393	STATUS	61490
239.35546875	n/a	122551	STATUS	61501
239.763671875	n/a	122760	STATUS	61511
240.013671875	n/a	122888	STATUS	61450
241.513671875	n/a	123656	STATUS	61463
241.880859375	n/a	123844	STATUS	61471
242.15625	n/a	123985	STATUS	61472
242.888671875	n/a	124360	STATUS	61480
243.8984375	n/a	124877	STATUS	61490
244.421875	n/a	125145	STATUS	61501
245.005859375	n/a	125444	STATUS	61510
245.255859375	n/a	125572	STATUS	61450
246.755859375	n/a	126340	STATUS	61468
247.123046875	n/a	126528	STATUS	61471
247.85546875	n/a	126903	STATUS	61472
248.130859375	n/a	127044	STATUS	61480
249.138671875	n/a	127560	STATUS	61490
249.513671875	n/a	127752	STATUS	61501
249.798828125	n/a	127898	STATUS	61511
250.048828125	n/a	128026	STATUS	61450
251.548828125	n/a	128794	STATUS	61463
251.9140625	n/a	128981	STATUS	61471
252.189453125	n/a	129122	STATUS	61472
252.923828125	n/a	129498	STATUS	61480
253.931640625	n/a	130014	STATUS	61490
254.548828125	n/a	130330	STATUS	61501
254.857421875	n/a	130488	STATUS	61511
255.107421875	n/a	130616	STATUS	61450
256.607421875	n/a	131384	STATUS	61463
256.97265625	n/a	131571	STATUS	61471
257.248046875	n/a	131712	STATUS	61472
257.982421875	n/a	132088	STATUS	61480
258.990234375	n/a	132604	STATUS	61490
259.291015625	n/a	132758	STATUS	61500
259.423828125	n/a	132826	STATUS	61510
259.673828125	n/a	132954	STATUS	61450
261.173828125	n/a	133722	STATUS	61463
261.541015625	n/a	133910	STATUS	61471
261.81640625	n/a	134051	STATUS	61472
262.548828125	n/a	134426	STATUS	61480
263.556640625	n/a	134942	STATUS	61490
263.94921875	n/a	135143	STATUS	61501
264.1484375	n/a	135245	STATUS	61511
264.3984375	n/a	135373	STATUS	61450
265.8984375	n/a	136141	STATUS	61463
266.265625	n/a	136329	STATUS	61471
266.541015625	n/a	136470	STATUS	61472
267.2734375	n/a	136845	STATUS	61480
268.283203125	n/a	137362	STATUS	61490
268.599609375	n/a	137524	STATUS	61501
268.966796875	n/a	137712	STATUS	61510
269.216796875	n/a	137840	STATUS	61450
270.716796875	n/a	138608	STATUS	61468
271.08203125	n/a	138795	STATUS	61471
271.81640625	n/a	139171	STATUS	61472
272.091796875	n/a	139312	STATUS	61480
273.099609375	n/a	139828	STATUS	61490
273.6171875	n/a	140093	STATUS	61500
273.958984375	n/a	140268	STATUS	61511
274.208984375	n/a	140396	STATUS	61450
275.708984375	n/a	141164	STATUS	61463
276.07421875	n/a	141351	STATUS	61471
276.349609375	n/a	141492	STATUS	61472
277.083984375	n/a	141868	STATUS	61480
278.091796875	n/a	142384	STATUS	61490
278.42578125	n/a	142555	STATUS	61501
278.783203125	n/a	142738	STATUS	61510
279.033203125	n/a	142866	STATUS	61450
280.533203125	n/a	143634	STATUS	61468
280.900390625	n/a	143822	STATUS	61471
281.6328125	n/a	144197	STATUS	61472
281.908203125	n/a	144338	STATUS	61480
282.91796875	n/a	144855	STATUS	61490
283.29296875	n/a	145047	STATUS	61500
283.68359375	n/a	145247	STATUS	61511
283.93359375	n/a	145375	STATUS	61450
285.43359375	n/a	146143	STATUS	61463
285.80078125	n/a	146331	STATUS	61471
286.076171875	n/a	146472	STATUS	61472
286.80859375	n/a	146847	STATUS	61480
287.818359375	n/a	147364	STATUS	61490
288.400390625	n/a	147662	STATUS	61501
288.609375	n/a	147769	STATUS	61511
288.859375	n/a	147897	STATUS	61450
290.359375	n/a	148665	STATUS	61468
290.7265625	n/a	148853	STATUS	61471
291.458984375	n/a	149228	STATUS	61472
291.734375	n/a	149369	STATUS	61480
292.7421875	n/a	149885	STATUS	61490
293.275390625	n/a	150158	STATUS	61501
293.458984375	n/a	150252	STATUS	61511
293.708984375	n/a	150380	STATUS	61450
295.208984375	n/a	151148	STATUS	61463
295.576171875	n/a	151336	STATUS	61471
295.8515625	n/a	151477	STATUS	61472
296.583984375	n/a	151852	STATUS	61480
297.59375	n/a	152369	STATUS	61490
298.15234375	n/a	152655	STATUS	61501
298.34375	n/a	152753	STATUS	61511
298.59375	n/a	152881	STATUS	61450
300.09375	n/a	153649	STATUS	61463
300.4609375	n/a	153837	STATUS	61471
300.734375	n/a	153977	STATUS	61472
301.46875	n/a	154353	STATUS	61480
302.4765625	n/a	154869	STATUS	61490
302.927734375	n/a	155100	STATUS	61501
303.09375	n/a	155185	STATUS	61510
303.34375	n/a	155313	STATUS	61450
304.84375	n/a	156081	STATUS	61463
305.2109375	n/a	156269	STATUS	61471
305.486328125	n/a	156410	STATUS	61472
306.21875	n/a	156785	STATUS	61480
307.2265625	n/a	157301	STATUS	61490
307.703125	n/a	157545	STATUS	61501
307.96875	n/a	157681	STATUS	61511
308.21875	n/a	157809	STATUS	61450
309.71875	n/a	158577	STATUS	61468
310.0859375	n/a	158765	STATUS	61471
310.818359375	n/a	159140	STATUS	61472
311.09375	n/a	159281	STATUS	61480
312.103515625	n/a	159798	STATUS	61490
312.478515625	n/a	159990	STATUS	61501
312.64453125	n/a	160075	STATUS	61511
312.89453125	n/a	160203	STATUS	61450
314.39453125	n/a	160971	STATUS	61463
314.76171875	n/a	161159	STATUS	61471
315.037109375	n/a	161300	STATUS	61472
315.76953125	n/a	161675	STATUS	61480
316.77734375	n/a	162191	STATUS	61490
317.4609375	n/a	162541	STATUS	61500
317.802734375	n/a	162716	STATUS	61510
318.052734375	n/a	162844	STATUS	61450
319.552734375	n/a	163612	STATUS	61463
319.919921875	n/a	163800	STATUS	61471
320.1953125	n/a	163941	STATUS	61472
320.927734375	n/a	164316	STATUS	61480
321.9375	n/a	164833	STATUS	61490
322.64453125	n/a	165195	STATUS	61501
322.720703125	n/a	165234	STATUS	61511
322.970703125	n/a	165362	STATUS	61450
324.470703125	n/a	166130	STATUS	61463
324.837890625	n/a	166318	STATUS	61471
325.111328125	n/a	166458	STATUS	61472
325.845703125	n/a	166834	STATUS	61480
326.853515625	n/a	167350	STATUS	61490
327.169921875	n/a	167512	STATUS	61501
327.5625	n/a	167713	STATUS	61510
327.8125	n/a	167841	STATUS	61450
329.3125	n/a	168609	STATUS	61468
329.6796875	n/a	168797	STATUS	61471
330.412109375	n/a	169172	STATUS	61472
330.6875	n/a	169313	STATUS	61480
331.6953125	n/a	169829	STATUS	61490
332.529296875	n/a	170256	STATUS	61501
333.01171875	n/a	170503	STATUS	61511
333.26171875	n/a	170631	STATUS	61450
334.763671875	n/a	171400	STATUS	61468
335.12890625	n/a	171587	STATUS	61471
335.86328125	n/a	171963	STATUS	61472
336.138671875	n/a	172104	STATUS	61480
337.146484375	n/a	172620	STATUS	61490
337.50390625	n/a	172803	STATUS	61501
339.0625	n/a	173601	STATUS	61511
339.3125	n/a	173729	STATUS	61450
340.8125	n/a	174497	STATUS	61468
341.1796875	n/a	174685	STATUS	61471
341.9140625	n/a	175061	STATUS	61472
342.1875	n/a	175201	STATUS	61480
343.197265625	n/a	175718	STATUS	61490
343.513671875	n/a	175880	STATUS	61501
343.763671875	n/a	176008	STATUS	61511
344.013671875	n/a	176136	STATUS	61450
345.513671875	n/a	176904	STATUS	61463
345.880859375	n/a	177092	STATUS	61471
346.15625	n/a	177233	STATUS	61472
346.888671875	n/a	177608	STATUS	61480
347.896484375	n/a	178124	STATUS	61490
348.205078125	n/a	178282	STATUS	61501
348.59765625	n/a	178483	STATUS	61511
348.84765625	n/a	178611	STATUS	61450
350.34765625	n/a	179379	STATUS	61463
350.71484375	n/a	179567	STATUS	61471
350.98828125	n/a	179707	STATUS	61472
351.72265625	n/a	180083	STATUS	61480
352.73046875	n/a	180599	STATUS	61490
353.330078125	n/a	180906	STATUS	61501
354.5390625	n/a	181525	STATUS	61511
354.7890625	n/a	181653	STATUS	61450
356.2890625	n/a	182421	STATUS	61463
356.65625	n/a	182609	STATUS	61471
356.931640625	n/a	182750	STATUS	61472
357.6640625	n/a	183125	STATUS	61480
358.673828125	n/a	183642	STATUS	61490
359.28125	n/a	183953	STATUS	61501
360.197265625	n/a	184422	STATUS	61511
360.447265625	n/a	184550	STATUS	61450
361.947265625	n/a	185318	STATUS	61468
362.314453125	n/a	185506	STATUS	61471
363.048828125	n/a	185882	STATUS	61472
363.32421875	n/a	186023	STATUS	61480
364.33203125	n/a	186539	STATUS	61490
364.681640625	n/a	186718	STATUS	61501
365.08203125	n/a	186923	STATUS	61511
365.33203125	n/a	187051	STATUS	61450
366.83203125	n/a	187819	STATUS	61463
367.19921875	n/a	188007	STATUS	61471
367.47265625	n/a	188147	STATUS	61472
368.20703125	n/a	188523	STATUS	61480
369.21484375	n/a	189039	STATUS	61490
369.666015625	n/a	189270	STATUS	61500
369.916015625	n/a	189398	STATUS	61510
370.166015625	n/a	189526	STATUS	61450
371.666015625	n/a	190294	STATUS	61463
372.033203125	n/a	190482	STATUS	61471
372.306640625	n/a	190622	STATUS	61472
373.041015625	n/a	190998	STATUS	61480
374.048828125	n/a	191514	STATUS	61490
374.857421875	n/a	191928	STATUS	61500
375.173828125	n/a	192090	STATUS	61510
375.423828125	n/a	192218	STATUS	61450
376.923828125	n/a	192986	STATUS	61463
377.291015625	n/a	193174	STATUS	61471
377.56640625	n/a	193315	STATUS	61472
378.298828125	n/a	193690	STATUS	61480
379.30859375	n/a	194207	STATUS	61490
380.3671875	n/a	194749	STATUS	61501
381.232421875	n/a	195192	STATUS	61511
381.482421875	n/a	195320	STATUS	61450
382.982421875	n/a	196088	STATUS	61468
383.349609375	n/a	196276	STATUS	61471
384.083984375	n/a	196652	STATUS	61472
384.357421875	n/a	196792	STATUS	61480
385.3671875	n/a	197309	STATUS	61490
385.642578125	n/a	197450	STATUS	61501
386	n/a	197633	STATUS	61511
386.25	n/a	197761	STATUS	61450
387.75	n/a	198529	STATUS	61463
388.1171875	n/a	198717	STATUS	61471
388.392578125	n/a	198858	STATUS	61472
389.125	n/a	199233	STATUS	61480
390.1328125	n/a	199749	STATUS	61490
390.474609375	n/a	199924	STATUS	61501
390.775390625	n/a	200078	STATUS	61511
391.025390625	n/a	200206	STATUS	61450
392.525390625	n/a	200974	STATUS	61463
392.892578125	n/a	201162	STATUS	61471
393.16796875	n/a	201303	STATUS	61472
393.900390625	n/a	201678	STATUS	61480
394.908203125	n/a	202194	STATUS	61490
395.30859375	n/a	202399	STATUS	61501
395.55859375	n/a	202527	STATUS	61510
395.80859375	n/a	202655	STATUS	61450
397.30859375	n/a	203423	STATUS	61468
397.67578125	n/a	203611	STATUS	61471
398.41015625	n/a	203987	STATUS	61472
398.68359375	n/a	204127	STATUS	61480
399.693359375	n/a	204644	STATUS	61490
400.091796875	n/a	204848	STATUS	61501
400.400390625	n/a	205006	STATUS	61511
400.650390625	n/a	205134	STATUS	61450
402.150390625	n/a	205902	STATUS	61463
402.517578125	n/a	206090	STATUS	61471
402.79296875	n/a	206231	STATUS	61472
403.525390625	n/a	206606	STATUS	61480
404.53515625	n/a	207123	STATUS	61490
404.826171875	n/a	207272	STATUS	61501
405.517578125	n/a	207626	STATUS	61511
422.3203125	n/a	216229	STATUS	61694
423.8203125	n/a	216997	STATUS	61450
425.3203125	n/a	217765	STATUS	61463
425.685546875	n/a	217952	STATUS	61471
425.9609375	n/a	218093	STATUS	61472
426.6953125	n/a	218469	STATUS	61480
427.703125	n/a	218985	STATUS	61490
428.51171875	n/a	219399	STATUS	61501
433.404296875	n/a	221904	STATUS	61511
433.654296875	n/a	222032	STATUS	61450
435.154296875	n/a	222800	STATUS	61463
435.51953125	n/a	222987	STATUS	61471
435.794921875	n/a	223128	STATUS	61472
436.529296875	n/a	223504	STATUS	61480
437.537109375	n/a	224020	STATUS	61490
437.837890625	n/a	224174	STATUS	61501
438.01171875	n/a	224263	STATUS	61511
438.26171875	n/a	224391	STATUS	61450
439.76171875	n/a	225159	STATUS	61463
440.12890625	n/a	225347	STATUS	61471
440.404296875	n/a	225488	STATUS	61472
441.13671875	n/a	225863	STATUS	61480
442.146484375	n/a	226380	STATUS	61490
442.37109375	n/a	226495	STATUS	61501
442.580078125	n/a	226602	STATUS	61510
442.830078125	n/a	226730	STATUS	61450
444.330078125	n/a	227498	STATUS	61463
444.6953125	n/a	227685	STATUS	61471
444.970703125	n/a	227826	STATUS	61472
445.705078125	n/a	228202	STATUS	61480
446.712890625	n/a	228718	STATUS	61490
447.146484375	n/a	228940	STATUS	61501
447.48046875	n/a	229111	STATUS	61511
447.73046875	n/a	229239	STATUS	61450
449.23046875	n/a	230007	STATUS	61463
449.595703125	n/a	230194	STATUS	61471
449.87109375	n/a	230335	STATUS	61472
450.60546875	n/a	230711	STATUS	61480
451.61328125	n/a	231227	STATUS	61490
453.22265625	n/a	232051	STATUS	61501
453.587890625	n/a	232238	STATUS	61510
453.837890625	n/a	232366	STATUS	61450
455.337890625	n/a	233134	STATUS	61463
455.705078125	n/a	233322	STATUS	61471
455.98046875	n/a	233463	STATUS	61472
456.712890625	n/a	233838	STATUS	61480
457.72265625	n/a	234355	STATUS	61490
458.1796875	n/a	234589	STATUS	61501
458.421875	n/a	234713	STATUS	61511
458.671875	n/a	234841	STATUS	61450
460.171875	n/a	235609	STATUS	61463
460.5390625	n/a	235797	STATUS	61471
460.814453125	n/a	235938	STATUS	61472
461.546875	n/a	236313	STATUS	61480
462.556640625	n/a	236830	STATUS	61490
463.072265625	n/a	237094	STATUS	61501
463.388671875	n/a	237256	STATUS	61511
463.638671875	n/a	237384	STATUS	61450
465.138671875	n/a	238152	STATUS	61463
465.505859375	n/a	238340	STATUS	61471
465.78125	n/a	238481	STATUS	61472
466.513671875	n/a	238856	STATUS	61480
467.5234375	n/a	239373	STATUS	61490
468.005859375	n/a	239620	STATUS	61500
468.322265625	n/a	239782	STATUS	61510
468.572265625	n/a	239910	STATUS	61450
470.072265625	n/a	240678	STATUS	61468
470.439453125	n/a	240866	STATUS	61471
471.173828125	n/a	241242	STATUS	61472
471.447265625	n/a	241382	STATUS	61480
472.45703125	n/a	241899	STATUS	61490
472.82421875	n/a	242087	STATUS	61501
473.08984375	n/a	242223	STATUS	61510
473.33984375	n/a	242351	STATUS	61450
474.83984375	n/a	243119	STATUS	61463
475.20703125	n/a	243307	STATUS	61471
475.482421875	n/a	243448	STATUS	61472
476.21484375	n/a	243823	STATUS	61480
477.22265625	n/a	244339	STATUS	61490
477.732421875	n/a	244600	STATUS	61500
478.390625	n/a	244937	STATUS	61510
478.640625	n/a	245065	STATUS	61450
480.140625	n/a	245833	STATUS	61468
480.5078125	n/a	246021	STATUS	61471
481.240234375	n/a	246396	STATUS	61472
481.515625	n/a	246537	STATUS	61480
482.5234375	n/a	247053	STATUS	61490
483.625	n/a	247617	STATUS	61501
484.0078125	n/a	247813	STATUS	61511
484.2578125	n/a	247941	STATUS	61450
485.7578125	n/a	248709	STATUS	61463
486.125	n/a	248897	STATUS	61471
486.3984375	n/a	249037	STATUS	61472
487.1328125	n/a	249413	STATUS	61480
488.140625	n/a	249929	STATUS	61490
488.482421875	n/a	250104	STATUS	61501
488.607421875	n/a	250168	STATUS	61510
488.857421875	n/a	250296	STATUS	61450
490.357421875	n/a	251064	STATUS	61463
490.724609375	n/a	251252	STATUS	61471
491	n/a	251393	STATUS	61472
491.732421875	n/a	251768	STATUS	61480
492.7421875	n/a	252285	STATUS	61490
493.140625	n/a	252489	STATUS	61500
493.474609375	n/a	252660	STATUS	61510
493.724609375	n/a	252788	STATUS	61450
495.224609375	n/a	253556	STATUS	61463
495.591796875	n/a	253744	STATUS	61471
495.8671875	n/a	253885	STATUS	61472
496.599609375	n/a	254260	STATUS	61480
497.609375	n/a	254777	STATUS	61490
498.458984375	n/a	255212	STATUS	61501
499.06640625	n/a	255523	STATUS	61511
499.31640625	n/a	255651	STATUS	61450
500.81640625	n/a	256419	STATUS	61468
501.18359375	n/a	256607	STATUS	61471
501.91796875	n/a	256983	STATUS	61472
502.19140625	n/a	257123	STATUS	61480
503.201171875	n/a	257640	STATUS	61490
503.7265625	n/a	257909	STATUS	61501
504.43359375	n/a	258271	STATUS	61511
504.68359375	n/a	258399	STATUS	61450
506.18359375	n/a	259167	STATUS	61463
506.55078125	n/a	259355	STATUS	61471
506.826171875	n/a	259496	STATUS	61472
507.55859375	n/a	259871	STATUS	61480
508.568359375	n/a	260388	STATUS	61490
509.03515625	n/a	260627	STATUS	61501
509.275390625	n/a	260750	STATUS	61511
509.525390625	n/a	260878	STATUS	61450
511.025390625	n/a	261646	STATUS	61468
511.392578125	n/a	261834	STATUS	61471
512.126953125	n/a	262210	STATUS	61472
512.400390625	n/a	262350	STATUS	61480
513.41015625	n/a	262867	STATUS	61490
513.708984375	n/a	263020	STATUS	61501
514.02734375	n/a	263183	STATUS	61511
514.27734375	n/a	263311	STATUS	61450
515.77734375	n/a	264079	STATUS	61463
516.142578125	n/a	264266	STATUS	61471
516.41796875	n/a	264407	STATUS	61472
517.15234375	n/a	264783	STATUS	61480
518.16015625	n/a	265299	STATUS	61490
518.6015625	n/a	265525	STATUS	61501
518.8515625	n/a	265653	STATUS	61511
519.1015625	n/a	265781	STATUS	61450
520.6015625	n/a	266549	STATUS	61468
520.96875	n/a	266737	STATUS	61471
521.701171875	n/a	267112	STATUS	61472
521.9765625	n/a	267253	STATUS	61480
522.986328125	n/a	267770	STATUS	61490
523.41015625	n/a	267987	STATUS	61501
523.71875	n/a	268145	STATUS	61511
523.96875	n/a	268273	STATUS	61450
525.46875	n/a	269041	STATUS	61463
525.8359375	n/a	269229	STATUS	61471
526.111328125	n/a	269370	STATUS	61472
526.84375	n/a	269745	STATUS	61480
527.8515625	n/a	270261	STATUS	61490
528.744140625	n/a	270718	STATUS	61501
529.14453125	n/a	270923	STATUS	61511
529.39453125	n/a	271051	STATUS	61450
530.89453125	n/a	271819	STATUS	61463
531.26171875	n/a	272007	STATUS	61471
531.53515625	n/a	272147	STATUS	61472
532.26953125	n/a	272523	STATUS	61480
533.27734375	n/a	273039	STATUS	61490
534.12890625	n/a	273475	STATUS	61501
534.912109375	n/a	273876	STATUS	61510
535.162109375	n/a	274004	STATUS	61450
536.662109375	n/a	274772	STATUS	61468
537.02734375	n/a	274959	STATUS	61471
537.76171875	n/a	275335	STATUS	61472
538.037109375	n/a	275476	STATUS	61480
539.044921875	n/a	275992	STATUS	61490
539.412109375	n/a	276180	STATUS	61501
539.787109375	n/a	276372	STATUS	61511
540.037109375	n/a	276500	STATUS	61450
541.537109375	n/a	277268	STATUS	61468
541.904296875	n/a	277456	STATUS	61471
542.63671875	n/a	277831	STATUS	61472
542.912109375	n/a	277972	STATUS	61480
543.919921875	n/a	278488	STATUS	61490
544.37890625	n/a	278723	STATUS	61501
544.662109375	n/a	278868	STATUS	61511
544.912109375	n/a	278996	STATUS	61450
546.412109375	n/a	279764	STATUS	61463
546.779296875	n/a	279952	STATUS	61471
547.0546875	n/a	280093	STATUS	61472
547.787109375	n/a	280468	STATUS	61480
548.794921875	n/a	280984	STATUS	61490
549.103515625	n/a	281142	STATUS	61501
549.38671875	n/a	281287	STATUS	61510
549.63671875	n/a	281415	STATUS	61450
551.13671875	n/a	282183	STATUS	61468
551.50390625	n/a	282371	STATUS	61471
552.23828125	n/a	282747	STATUS	61472
552.51171875	n/a	282887	STATUS	61480
553.521484375	n/a	283404	STATUS	61490
554.0625	n/a	283681	STATUS	61501
554.4375	n/a	283873	STATUS	61511
554.6875	n/a	284001	STATUS	61450
556.1875	n/a	284769	STATUS	61463
556.5546875	n/a	284957	STATUS	61471
556.830078125	n/a	285098	STATUS	61472
557.5625	n/a	285473	STATUS	61480
558.572265625	n/a	285990	STATUS	61490
558.822265625	n/a	286118	STATUS	61501
559.4140625	n/a	286421	STATUS	61510
559.6640625	n/a	286549	STATUS	61450
561.1640625	n/a	287317	STATUS	61463
561.529296875	n/a	287504	STATUS	61471
561.8046875	n/a	287645	STATUS	61472
562.5390625	n/a	288021	STATUS	61480
563.546875	n/a	288537	STATUS	61490
564.087890625	n/a	288814	STATUS	61501
565.021484375	n/a	289292	STATUS	61511
565.271484375	n/a	289420	STATUS	61450
566.771484375	n/a	290188	STATUS	61463
567.138671875	n/a	290376	STATUS	61471
567.4140625	n/a	290517	STATUS	61472
568.146484375	n/a	290892	STATUS	61480
569.15625	n/a	291409	STATUS	61490
569.72265625	n/a	291699	STATUS	61501
569.939453125	n/a	291810	STATUS	61511
570.189453125	n/a	291938	STATUS	61450
571.689453125	n/a	292706	STATUS	61463
572.056640625	n/a	292894	STATUS	61471
572.330078125	n/a	293034	STATUS	61472
573.064453125	n/a	293410	STATUS	61480
574.072265625	n/a	293926	STATUS	61490
574.6484375	n/a	294221	STATUS	61501
574.83984375	n/a	294319	STATUS	61510
575.08984375	n/a	294447	STATUS	61450
576.58984375	n/a	295215	STATUS	61468
576.95703125	n/a	295403	STATUS	61471
577.689453125	n/a	295778	STATUS	61472
577.96484375	n/a	295919	STATUS	61480
578.97265625	n/a	296435	STATUS	61490
579.6640625	n/a	296789	STATUS	61501
580.056640625	n/a	296990	STATUS	61511
580.306640625	n/a	297118	STATUS	61450
581.806640625	n/a	297886	STATUS	61463
582.173828125	n/a	298074	STATUS	61471
582.44921875	n/a	298215	STATUS	61472
583.181640625	n/a	298590	STATUS	61480
584.189453125	n/a	299106	STATUS	61490
584.666015625	n/a	299350	STATUS	61501
584.95703125	n/a	299499	STATUS	61511
585.20703125	n/a	299627	STATUS	61450
586.70703125	n/a	300395	STATUS	61463
587.07421875	n/a	300583	STATUS	61471
587.349609375	n/a	300724	STATUS	61472
588.08203125	n/a	301099	STATUS	61480
589.08984375	n/a	301615	STATUS	61490
589.3828125	n/a	301765	STATUS	61501
589.6484375	n/a	301901	STATUS	61510
589.8984375	n/a	302029	STATUS	61450
591.3984375	n/a	302797	STATUS	61463
591.765625	n/a	302985	STATUS	61471
592.041015625	n/a	303126	STATUS	61472
592.7734375	n/a	303501	STATUS	61480
593.783203125	n/a	304018	STATUS	61490
594.982421875	n/a	304632	STATUS	61501
595.2734375	n/a	304781	STATUS	61510
595.5234375	n/a	304909	STATUS	61450
597.0234375	n/a	305677	STATUS	61468
597.390625	n/a	305865	STATUS	61471
598.125	n/a	306241	STATUS	61472
598.400390625	n/a	306382	STATUS	61480
599.408203125	n/a	306898	STATUS	61490
599.966796875	n/a	307184	STATUS	61501
600.2421875	n/a	307325	STATUS	61511
600.4921875	n/a	307453	STATUS	61450
601.9921875	n/a	308221	STATUS	61468
602.357421875	n/a	308408	STATUS	61471
603.091796875	n/a	308784	STATUS	61472
603.3671875	n/a	308925	STATUS	61480
604.375	n/a	309441	STATUS	61490
604.982421875	n/a	309752	STATUS	61501
605.232421875	n/a	309880	STATUS	61511
605.482421875	n/a	310008	STATUS	61450
606.984375	n/a	310777	STATUS	61463
607.349609375	n/a	310964	STATUS	61471
607.625	n/a	311105	STATUS	61472
608.359375	n/a	311481	STATUS	61480
609.3671875	n/a	311997	STATUS	61490
609.75	n/a	312193	STATUS	61501
610.083984375	n/a	312364	STATUS	61511
610.333984375	n/a	312492	STATUS	61450
611.833984375	n/a	313260	STATUS	61468
612.201171875	n/a	313448	STATUS	61471
612.93359375	n/a	313823	STATUS	61472
613.208984375	n/a	313964	STATUS	61480
614.216796875	n/a	314480	STATUS	61490
614.6015625	n/a	314677	STATUS	61501
615.525390625	n/a	315150	STATUS	61511
615.775390625	n/a	315278	STATUS	61450
617.275390625	n/a	316046	STATUS	61468
617.642578125	n/a	316234	STATUS	61471
618.376953125	n/a	316610	STATUS	61472
618.650390625	n/a	316750	STATUS	61480
619.66015625	n/a	317267	STATUS	61490
620.234375	n/a	317561	STATUS	61501
620.576171875	n/a	317736	STATUS	61511
620.826171875	n/a	317864	STATUS	61450
622.326171875	n/a	318632	STATUS	61463
622.693359375	n/a	318820	STATUS	61471
622.96875	n/a	318961	STATUS	61472
623.701171875	n/a	319336	STATUS	61480
624.708984375	n/a	319852	STATUS	61490
625.017578125	n/a	320010	STATUS	61501
625.833984375	n/a	320428	STATUS	61511
641.16015625	n/a	328275	STATUS	61694
642.662109375	n/a	329044	STATUS	61450
644.162109375	n/a	329812	STATUS	61463
644.52734375	n/a	329999	STATUS	61471
644.802734375	n/a	330140	STATUS	61472
645.537109375	n/a	330516	STATUS	61480
646.544921875	n/a	331032	STATUS	61490
647.220703125	n/a	331378	STATUS	61501
647.7109375	n/a	331629	STATUS	61510
647.9609375	n/a	331757	STATUS	61450
649.4609375	n/a	332525	STATUS	61463
649.828125	n/a	332713	STATUS	61471
650.103515625	n/a	332854	STATUS	61472
650.8359375	n/a	333229	STATUS	61480
651.845703125	n/a	333746	STATUS	61490
652.154296875	n/a	333904	STATUS	61500
652.486328125	n/a	334074	STATUS	61511
652.736328125	n/a	334202	STATUS	61450
654.236328125	n/a	334970	STATUS	61463
654.603515625	n/a	335158	STATUS	61471
654.87890625	n/a	335299	STATUS	61472
655.611328125	n/a	335674	STATUS	61480
656.62109375	n/a	336191	STATUS	61490
658.162109375	n/a	336980	STATUS	61501
658.771484375	n/a	337292	STATUS	61511
659.021484375	n/a	337420	STATUS	61450
660.521484375	n/a	338188	STATUS	61463
660.88671875	n/a	338375	STATUS	61471
661.162109375	n/a	338516	STATUS	61472
661.896484375	n/a	338892	STATUS	61480
662.904296875	n/a	339408	STATUS	61490
665.296875	n/a	340633	STATUS	61500
665.580078125	n/a	340778	STATUS	61511
665.830078125	n/a	340906	STATUS	61450
667.330078125	n/a	341674	STATUS	61468
667.697265625	n/a	341862	STATUS	61471
668.4296875	n/a	342237	STATUS	61472
668.705078125	n/a	342378	STATUS	61480
669.712890625	n/a	342894	STATUS	61490
670.23828125	n/a	343163	STATUS	61501
670.388671875	n/a	343240	STATUS	61511
670.638671875	n/a	343368	STATUS	61450
672.138671875	n/a	344136	STATUS	61463
672.505859375	n/a	344324	STATUS	61471
672.779296875	n/a	344464	STATUS	61472
673.513671875	n/a	344840	STATUS	61480
674.521484375	n/a	345356	STATUS	61490
675.23046875	n/a	345719	STATUS	61501
675.40625	n/a	345809	STATUS	61510
675.65625	n/a	345937	STATUS	61450
677.15625	n/a	346705	STATUS	61463
677.521484375	n/a	346892	STATUS	61471
677.796875	n/a	347033	STATUS	61472
678.53125	n/a	347409	STATUS	61480
679.5390625	n/a	347925	STATUS	61490
679.9296875	n/a	348125	STATUS	61501
680.23046875	n/a	348279	STATUS	61511
680.48046875	n/a	348407	STATUS	61450
681.98046875	n/a	349175	STATUS	61468
682.34765625	n/a	349363	STATUS	61471
683.080078125	n/a	349738	STATUS	61472
683.35546875	n/a	349879	STATUS	61480
684.365234375	n/a	350396	STATUS	61490
684.638671875	n/a	350536	STATUS	61501
684.888671875	n/a	350664	STATUS	61511
685.138671875	n/a	350792	STATUS	61450
686.638671875	n/a	351560	STATUS	61468
687.005859375	n/a	351748	STATUS	61471
687.740234375	n/a	352124	STATUS	61472
688.013671875	n/a	352264	STATUS	61480
689.0234375	n/a	352781	STATUS	61490
689.515625	n/a	353033	STATUS	61501
690.1484375	n/a	353357	STATUS	61510
690.3984375	n/a	353485	STATUS	61450
691.8984375	n/a	354253	STATUS	61463
692.265625	n/a	354441	STATUS	61471
692.5390625	n/a	354581	STATUS	61472
693.2734375	n/a	354957	STATUS	61480
694.28125	n/a	355473	STATUS	61490
694.564453125	n/a	355618	STATUS	61501
694.8984375	n/a	355789	STATUS	61511
695.1484375	n/a	355917	STATUS	61450
696.6484375	n/a	356685	STATUS	61463
697.015625	n/a	356873	STATUS	61471
697.291015625	n/a	357014	STATUS	61472
698.0234375	n/a	357389	STATUS	61480
699.03125	n/a	357905	STATUS	61490
699.798828125	n/a	358298	STATUS	61501
701.46484375	n/a	359151	STATUS	61511
701.71484375	n/a	359279	STATUS	61450
703.21484375	n/a	360047	STATUS	61468
703.58203125	n/a	360235	STATUS	61471
704.31640625	n/a	360611	STATUS	61472
704.591796875	n/a	360752	STATUS	61480
705.599609375	n/a	361268	STATUS	61490
707.482421875	n/a	362232	STATUS	61501
707.849609375	n/a	362420	STATUS	61511
708.099609375	n/a	362548	STATUS	61450
709.599609375	n/a	363316	STATUS	61463
709.966796875	n/a	363504	STATUS	61471
710.2421875	n/a	363645	STATUS	61472
710.974609375	n/a	364020	STATUS	61480
711.982421875	n/a	364536	STATUS	61490
712.56640625	n/a	364835	STATUS	61501
712.94921875	n/a	365031	STATUS	61511
713.19921875	n/a	365159	STATUS	61450
714.69921875	n/a	365927	STATUS	61463
715.06640625	n/a	366115	STATUS	61471
715.341796875	n/a	366256	STATUS	61472
716.07421875	n/a	366631	STATUS	61480
717.083984375	n/a	367148	STATUS	61490
717.5078125	n/a	367365	STATUS	61501
717.791015625	n/a	367510	STATUS	61511
718.041015625	n/a	367638	STATUS	61450
719.54296875	n/a	368407	STATUS	61468
719.908203125	n/a	368594	STATUS	61471
720.642578125	n/a	368970	STATUS	61472
720.91796875	n/a	369111	STATUS	61480
721.92578125	n/a	369627	STATUS	61490
722.841796875	n/a	370096	STATUS	61500
723.375	n/a	370369	STATUS	61511
723.625	n/a	370497	STATUS	61450
725.125	n/a	371265	STATUS	61468
725.4921875	n/a	371453	STATUS	61471
726.2265625	n/a	371829	STATUS	61472
726.5	n/a	371969	STATUS	61480
727.509765625	n/a	372486	STATUS	61490
728.17578125	n/a	372827	STATUS	61501
728.509765625	n/a	372998	STATUS	61511
728.759765625	n/a	373126	STATUS	61450
730.259765625	n/a	373894	STATUS	61463
730.626953125	n/a	374082	STATUS	61471
730.900390625	n/a	374222	STATUS	61472
731.634765625	n/a	374598	STATUS	61480
732.642578125	n/a	375114	STATUS	61490
733.16796875	n/a	375383	STATUS	61501
733.458984375	n/a	375532	STATUS	61511
733.708984375	n/a	375660	STATUS	61450
735.208984375	n/a	376428	STATUS	61468
735.576171875	n/a	376616	STATUS	61471
736.310546875	n/a	376992	STATUS	61472
736.583984375	n/a	377132	STATUS	61480
737.59375	n/a	377649	STATUS	61490
738.234375	n/a	377977	STATUS	61501
738.66796875	n/a	378199	STATUS	61511
738.91796875	n/a	378327	STATUS	61450
740.41796875	n/a	379095	STATUS	61463
740.78515625	n/a	379283	STATUS	61471
741.060546875	n/a	379424	STATUS	61472
741.79296875	n/a	379799	STATUS	61480
742.802734375	n/a	380316	STATUS	61490
743.876953125	n/a	380866	STATUS	61501
744.29296875	n/a	381079	STATUS	61511
744.54296875	n/a	381207	STATUS	61450
746.044921875	n/a	381976	STATUS	61463
746.41015625	n/a	382163	STATUS	61471
746.685546875	n/a	382304	STATUS	61472
747.419921875	n/a	382680	STATUS	61480
748.427734375	n/a	383196	STATUS	61490
748.693359375	n/a	383332	STATUS	61501
748.89453125	n/a	383435	STATUS	61510
749.14453125	n/a	383563	STATUS	61450
750.64453125	n/a	384331	STATUS	61463
751.01171875	n/a	384519	STATUS	61471
751.28515625	n/a	384659	STATUS	61472
752.01953125	n/a	385035	STATUS	61480
753.02734375	n/a	385551	STATUS	61490
753.662109375	n/a	385876	STATUS	61500
754.25390625	n/a	386179	STATUS	61510
754.50390625	n/a	386307	STATUS	61450
756.00390625	n/a	387075	STATUS	61463
756.369140625	n/a	387262	STATUS	61471
756.64453125	n/a	387403	STATUS	61472
757.37890625	n/a	387779	STATUS	61480
758.38671875	n/a	388295	STATUS	61490
759.052734375	n/a	388636	STATUS	61501
759.544921875	n/a	388888	STATUS	61510
759.794921875	n/a	389016	STATUS	61450
761.294921875	n/a	389784	STATUS	61468
761.662109375	n/a	389972	STATUS	61471
762.39453125	n/a	390347	STATUS	61472
762.669921875	n/a	390488	STATUS	61480
763.677734375	n/a	391004	STATUS	61490
764.486328125	n/a	391418	STATUS	61501
764.76953125	n/a	391563	STATUS	61511
765.01953125	n/a	391691	STATUS	61450
766.521484375	n/a	392460	STATUS	61463
766.88671875	n/a	392647	STATUS	61471
767.162109375	n/a	392788	STATUS	61472
767.896484375	n/a	393164	STATUS	61480
768.904296875	n/a	393680	STATUS	61490
769.5703125	n/a	394021	STATUS	61500
773.353515625	n/a	395958	STATUS	61511
773.603515625	n/a	396086	STATUS	61450
775.10546875	n/a	396855	STATUS	61463
775.470703125	n/a	397042	STATUS	61471
775.74609375	n/a	397183	STATUS	61472
776.48046875	n/a	397559	STATUS	61480
777.48828125	n/a	398075	STATUS	61490
778.087890625	n/a	398382	STATUS	61501
778.48046875	n/a	398583	STATUS	61510
778.73046875	n/a	398711	STATUS	61450
780.23046875	n/a	399479	STATUS	61463
780.595703125	n/a	399666	STATUS	61471
780.87109375	n/a	399807	STATUS	61472
781.60546875	n/a	400183	STATUS	61480
782.61328125	n/a	400699	STATUS	61490
783.072265625	n/a	400934	STATUS	61501
783.439453125	n/a	401122	STATUS	61510
783.689453125	n/a	401250	STATUS	61450
785.189453125	n/a	402018	STATUS	61468
785.5546875	n/a	402205	STATUS	61471
786.2890625	n/a	402581	STATUS	61472
786.564453125	n/a	402722	STATUS	61480
787.572265625	n/a	403238	STATUS	61490
788.146484375	n/a	403532	STATUS	61501
788.33984375	n/a	403631	STATUS	61510
788.58984375	n/a	403759	STATUS	61450
790.08984375	n/a	404527	STATUS	61463
790.455078125	n/a	404714	STATUS	61471
790.73046875	n/a	404855	STATUS	61472
791.46484375	n/a	405231	STATUS	61480
792.47265625	n/a	405747	STATUS	61490
792.796875	n/a	405913	STATUS	61500
793.072265625	n/a	406054	STATUS	61510
793.322265625	n/a	406182	STATUS	61450
794.822265625	n/a	406950	STATUS	61463
795.189453125	n/a	407138	STATUS	61471
795.46484375	n/a	407279	STATUS	61472
796.197265625	n/a	407654	STATUS	61480
797.20703125	n/a	408171	STATUS	61490
797.5234375	n/a	408333	STATUS	61501
797.673828125	n/a	408410	STATUS	61510
797.923828125	n/a	408538	STATUS	61450
799.423828125	n/a	409306	STATUS	61463
799.7890625	n/a	409493	STATUS	61471
800.064453125	n/a	409634	STATUS	61472
800.798828125	n/a	410010	STATUS	61480
801.806640625	n/a	410526	STATUS	61490
802.130859375	n/a	410692	STATUS	61501
802.423828125	n/a	410842	STATUS	61510
802.673828125	n/a	410970	STATUS	61450
804.173828125	n/a	411738	STATUS	61468
804.541015625	n/a	411926	STATUS	61471
805.2734375	n/a	412301	STATUS	61472
805.548828125	n/a	412442	STATUS	61480
806.556640625	n/a	412958	STATUS	61490
806.982421875	n/a	413176	STATUS	61501
807.28125	n/a	413329	STATUS	61511
807.53125	n/a	413457	STATUS	61450
809.03125	n/a	414225	STATUS	61463
809.3984375	n/a	414413	STATUS	61471
809.673828125	n/a	414554	STATUS	61472
810.40625	n/a	414929	STATUS	61480
811.416015625	n/a	415446	STATUS	61490
811.998046875	n/a	415744	STATUS	61501
812.306640625	n/a	415902	STATUS	61510
812.556640625	n/a	416030	STATUS	61450
814.056640625	n/a	416798	STATUS	61468
814.423828125	n/a	416986	STATUS	61471
815.158203125	n/a	417362	STATUS	61472
815.431640625	n/a	417502	STATUS	61480
816.44140625	n/a	418019	STATUS	61490
816.865234375	n/a	418236	STATUS	61501
817.173828125	n/a	418394	STATUS	61510
817.423828125	n/a	418522	STATUS	61450
818.923828125	n/a	419290	STATUS	61468
819.291015625	n/a	419478	STATUS	61471
820.025390625	n/a	419854	STATUS	61472
820.298828125	n/a	419994	STATUS	61480
821.30859375	n/a	420511	STATUS	61490
821.732421875	n/a	420728	STATUS	61501
821.966796875	n/a	420848	STATUS	61511
822.216796875	n/a	420976	STATUS	61450
823.716796875	n/a	421744	STATUS	61463
824.083984375	n/a	421932	STATUS	61471
824.357421875	n/a	422072	STATUS	61472
825.091796875	n/a	422448	STATUS	61480
826.099609375	n/a	422964	STATUS	61490
826.6328125	n/a	423237	STATUS	61501
826.966796875	n/a	423408	STATUS	61511
827.216796875	n/a	423536	STATUS	61450
828.716796875	n/a	424304	STATUS	61463
829.083984375	n/a	424492	STATUS	61471
829.359375	n/a	424633	STATUS	61472
830.091796875	n/a	425008	STATUS	61480
831.099609375	n/a	425524	STATUS	61490
831.517578125	n/a	425738	STATUS	61501
832.625	n/a	426305	STATUS	61510
832.875	n/a	426433	STATUS	61450
834.375	n/a	427201	STATUS	61463
834.7421875	n/a	427389	STATUS	61471
835.017578125	n/a	427530	STATUS	61472
835.75	n/a	427905	STATUS	61480
836.759765625	n/a	428422	STATUS	61490
837.91796875	n/a	429015	STATUS	61500
842.310546875	n/a	431264	STATUS	61510
842.560546875	n/a	431392	STATUS	61450
844.060546875	n/a	432160	STATUS	61468
844.42578125	n/a	432347	STATUS	61471
845.16015625	n/a	432723	STATUS	61472
845.435546875	n/a	432864	STATUS	61480
846.443359375	n/a	433380	STATUS	61490
846.818359375	n/a	433572	STATUS	61501
847.009765625	n/a	433670	STATUS	61511
847.259765625	n/a	433798	STATUS	61450
848.759765625	n/a	434566	STATUS	61463
849.126953125	n/a	434754	STATUS	61471
849.40234375	n/a	434895	STATUS	61472
850.134765625	n/a	435270	STATUS	61480
851.14453125	n/a	435787	STATUS	61490
851.65234375	n/a	436047	STATUS	61501
851.9609375	n/a	436205	STATUS	61511
865.478515625	n/a	443126	STATUS	61694
866.978515625	n/a	443894	STATUS	61450
868.478515625	n/a	444662	STATUS	61463
868.845703125	n/a	444850	STATUS	61471
869.119140625	n/a	444990	STATUS	61472
869.853515625	n/a	445366	STATUS	61480
870.861328125	n/a	445882	STATUS	61490
871.12109375	n/a	446015	STATUS	61501
871.412109375	n/a	446164	STATUS	61511
871.662109375	n/a	446292	STATUS	61450
873.162109375	n/a	447060	STATUS	61468
873.529296875	n/a	447248	STATUS	61471
874.26171875	n/a	447623	STATUS	61472
874.537109375	n/a	447764	STATUS	61480
875.544921875	n/a	448280	STATUS	61490
876.029296875	n/a	448528	STATUS	61501
876.3046875	n/a	448669	STATUS	61511
876.5546875	n/a	448797	STATUS	61450
878.0546875	n/a	449565	STATUS	61463
878.419921875	n/a	449752	STATUS	61471
878.6953125	n/a	449893	STATUS	61472
879.4296875	n/a	450269	STATUS	61480
880.4375	n/a	450785	STATUS	61490
881.4453125	n/a	451301	STATUS	61501
882.103515625	n/a	451638	STATUS	61510
882.353515625	n/a	451766	STATUS	61450
883.853515625	n/a	452534	STATUS	61463
884.220703125	n/a	452722	STATUS	61471
884.49609375	n/a	452863	STATUS	61472
885.23046875	n/a	453239	STATUS	61480
886.23828125	n/a	453755	STATUS	61490
887.087890625	n/a	454190	STATUS	61501
887.705078125	n/a	454506	STATUS	61510
887.955078125	n/a	454634	STATUS	61450
889.455078125	n/a	455402	STATUS	61463
889.822265625	n/a	455590	STATUS	61471
890.095703125	n/a	455730	STATUS	61472
890.830078125	n/a	456106	STATUS	61480
891.837890625	n/a	456622	STATUS	61490
892.154296875	n/a	456784	STATUS	61501
892.529296875	n/a	456976	STATUS	61510
892.779296875	n/a	457104	STATUS	61450
894.279296875	n/a	457872	STATUS	61463
894.646484375	n/a	458060	STATUS	61471
894.921875	n/a	458201	STATUS	61472
895.65625	n/a	458577	STATUS	61480
896.6640625	n/a	459093	STATUS	61490
897.263671875	n/a	459400	STATUS	61501
897.771484375	n/a	459660	STATUS	61511
898.021484375	n/a	459788	STATUS	61450
899.521484375	n/a	460556	STATUS	61468
899.888671875	n/a	460744	STATUS	61471
900.623046875	n/a	461120	STATUS	61472
900.896484375	n/a	461260	STATUS	61480
901.90625	n/a	461777	STATUS	61490
902.5234375	n/a	462093	STATUS	61501
902.97265625	n/a	462323	STATUS	61511
903.22265625	n/a	462451	STATUS	61450
904.72265625	n/a	463219	STATUS	61468
905.08984375	n/a	463407	STATUS	61471
905.822265625	n/a	463782	STATUS	61472
906.09765625	n/a	463923	STATUS	61480
907.10546875	n/a	464439	STATUS	61490
907.638671875	n/a	464712	STATUS	61501
908.0234375	n/a	464909	STATUS	61511
908.2734375	n/a	465037	STATUS	61450
909.7734375	n/a	465805	STATUS	61468
910.140625	n/a	465993	STATUS	61471
910.873046875	n/a	466368	STATUS	61472
911.1484375	n/a	466509	STATUS	61480
912.15625	n/a	467025	STATUS	61490
912.923828125	n/a	467418	STATUS	61501
913.33203125	n/a	467627	STATUS	61511
913.58203125	n/a	467755	STATUS	61450
915.08203125	n/a	468523	STATUS	61463
915.44921875	n/a	468711	STATUS	61471
915.72265625	n/a	468851	STATUS	61472
916.45703125	n/a	469227	STATUS	61480
917.46484375	n/a	469743	STATUS	61490
918.306640625	n/a	470174	STATUS	61501
918.923828125	n/a	470490	STATUS	61510
919.173828125	n/a	470618	STATUS	61450
920.673828125	n/a	471386	STATUS	61468
921.041015625	n/a	471574	STATUS	61471
921.7734375	n/a	471949	STATUS	61472
922.048828125	n/a	472090	STATUS	61480
923.056640625	n/a	472606	STATUS	61490
923.45703125	n/a	472811	STATUS	61500
923.81640625	n/a	472995	STATUS	61511
924.06640625	n/a	473123	STATUS	61450
925.56640625	n/a	473891	STATUS	61468
925.93359375	n/a	474079	STATUS	61471
926.666015625	n/a	474454	STATUS	61472
926.94140625	n/a	474595	STATUS	61480
927.94921875	n/a	475111	STATUS	61490
928.20703125	n/a	475243	STATUS	61501
928.533203125	n/a	475410	STATUS	61511
928.783203125	n/a	475538	STATUS	61450
930.283203125	n/a	476306	STATUS	61468
930.650390625	n/a	476494	STATUS	61471
931.3828125	n/a	476869	STATUS	61472
931.658203125	n/a	477010	STATUS	61480
932.666015625	n/a	477526	STATUS	61490
933.150390625	n/a	477774	STATUS	61501
933.8671875	n/a	478141	STATUS	61511
934.1171875	n/a	478269	STATUS	61450
935.6171875	n/a	479037	STATUS	61463
935.984375	n/a	479225	STATUS	61471
936.2578125	n/a	479365	STATUS	61472
936.9921875	n/a	479741	STATUS	61480
938	n/a	480257	STATUS	61490
938.783203125	n/a	480658	STATUS	61501
939.30859375	n/a	480927	STATUS	61511
939.55859375	n/a	481055	STATUS	61450
941.05859375	n/a	481823	STATUS	61468
941.42578125	n/a	482011	STATUS	61471
942.158203125	n/a	482386	STATUS	61472
942.43359375	n/a	482527	STATUS	61480
943.44140625	n/a	483043	STATUS	61490
944.109375	n/a	483385	STATUS	61501
944.458984375	n/a	483564	STATUS	61511
944.708984375	n/a	483692	STATUS	61450
946.208984375	n/a	484460	STATUS	61463
946.576171875	n/a	484648	STATUS	61471
946.8515625	n/a	484789	STATUS	61472
947.583984375	n/a	485164	STATUS	61480
948.591796875	n/a	485680	STATUS	61490
949.568359375	n/a	486180	STATUS	61501
950.4765625	n/a	486645	STATUS	61511
950.7265625	n/a	486773	STATUS	61450
952.2265625	n/a	487541	STATUS	61463
952.59375	n/a	487729	STATUS	61471
952.8671875	n/a	487869	STATUS	61472
953.6015625	n/a	488245	STATUS	61480
954.609375	n/a	488761	STATUS	61490
955.234375	n/a	489081	STATUS	61501
955.583984375	n/a	489260	STATUS	61510
955.833984375	n/a	489388	STATUS	61450
957.3359375	n/a	490157	STATUS	61463
957.701171875	n/a	490344	STATUS	61471
957.9765625	n/a	490485	STATUS	61472
958.7109375	n/a	490861	STATUS	61480
959.71875	n/a	491377	STATUS	61490
960.302734375	n/a	491676	STATUS	61501
960.8359375	n/a	491949	STATUS	61511
961.0859375	n/a	492077	STATUS	61450
962.5859375	n/a	492845	STATUS	61463
962.951171875	n/a	493032	STATUS	61471
963.2265625	n/a	493173	STATUS	61472
963.9609375	n/a	493549	STATUS	61480
964.96875	n/a	494065	STATUS	61490
965.41015625	n/a	494291	STATUS	61501
966.14453125	n/a	494667	STATUS	61511
966.39453125	n/a	494795	STATUS	61450
967.89453125	n/a	495563	STATUS	61468
968.26171875	n/a	495751	STATUS	61471
968.994140625	n/a	496126	STATUS	61472
969.26953125	n/a	496267	STATUS	61480
970.27734375	n/a	496783	STATUS	61490
970.8203125	n/a	497061	STATUS	61500
971.13671875	n/a	497223	STATUS	61511
971.38671875	n/a	497351	STATUS	61450
972.88671875	n/a	498119	STATUS	61463
973.251953125	n/a	498306	STATUS	61471
973.52734375	n/a	498447	STATUS	61472
974.26171875	n/a	498823	STATUS	61480
975.26953125	n/a	499339	STATUS	61490
975.63671875	n/a	499527	STATUS	61501
976.044921875	n/a	499736	STATUS	61510
976.294921875	n/a	499864	STATUS	61450
977.794921875	n/a	500632	STATUS	61463
978.162109375	n/a	500820	STATUS	61471
978.4375	n/a	500961	STATUS	61472
979.169921875	n/a	501336	STATUS	61480
980.177734375	n/a	501852	STATUS	61490
980.611328125	n/a	502074	STATUS	61501
981.154296875	n/a	502352	STATUS	61511
981.404296875	n/a	502480	STATUS	61450
982.904296875	n/a	503248	STATUS	61463
983.26953125	n/a	503435	STATUS	61471
983.544921875	n/a	503576	STATUS	61472
984.279296875	n/a	503952	STATUS	61480
985.287109375	n/a	504468	STATUS	61490
986.13671875	n/a	504903	STATUS	61501
986.51171875	n/a	505095	STATUS	61510
986.76171875	n/a	505223	STATUS	61450
988.26171875	n/a	505991	STATUS	61463
988.62890625	n/a	506179	STATUS	61471
988.904296875	n/a	506320	STATUS	61472
989.63671875	n/a	506695	STATUS	61480
990.646484375	n/a	507212	STATUS	61490
991.037109375	n/a	507412	STATUS	61501
991.353515625	n/a	507574	STATUS	61510
991.603515625	n/a	507702	STATUS	61450
993.103515625	n/a	508470	STATUS	61463
993.470703125	n/a	508658	STATUS	61471
993.74609375	n/a	508799	STATUS	61472
994.48046875	n/a	509175	STATUS	61480
995.48828125	n/a	509691	STATUS	61490
995.837890625	n/a	509870	STATUS	61500
996.138671875	n/a	510024	STATUS	61511
996.388671875	n/a	510152	STATUS	61450
997.888671875	n/a	510920	STATUS	61463
998.25390625	n/a	511107	STATUS	61471
998.529296875	n/a	511248	STATUS	61472
999.263671875	n/a	511624	STATUS	61480
1000.271484375	n/a	512140	STATUS	61490
1000.880859375	n/a	512452	STATUS	61501
1001.22265625	n/a	512627	STATUS	61511
1001.47265625	n/a	512755	STATUS	61450
1002.97265625	n/a	513523	STATUS	61463
1003.337890625	n/a	513710	STATUS	61471
1003.61328125	n/a	513851	STATUS	61472
1004.34765625	n/a	514227	STATUS	61480
1005.35546875	n/a	514743	STATUS	61490
1006.48828125	n/a	515323	STATUS	61501
1007.3046875	n/a	515741	STATUS	61510
1007.5546875	n/a	515869	STATUS	61450
1009.0546875	n/a	516637	STATUS	61468
1009.421875	n/a	516825	STATUS	61471
1010.15625	n/a	517201	STATUS	61472
1010.431640625	n/a	517342	STATUS	61480
1011.439453125	n/a	517858	STATUS	61490
1011.9140625	n/a	518101	STATUS	61501
1012.11328125	n/a	518203	STATUS	61511
1012.36328125	n/a	518331	STATUS	61450
1013.865234375	n/a	519100	STATUS	61463
1014.23046875	n/a	519287	STATUS	61471
1014.505859375	n/a	519428	STATUS	61472
1015.240234375	n/a	519804	STATUS	61480
1016.248046875	n/a	520320	STATUS	61490
1016.556640625	n/a	520478	STATUS	61501
1016.83984375	n/a	520623	STATUS	61510
1017.08984375	n/a	520751	STATUS	61450
1018.58984375	n/a	521519	STATUS	61463
1018.95703125	n/a	521707	STATUS	61471
1019.23046875	n/a	521847	STATUS	61472
1019.96484375	n/a	522223	STATUS	61480
1020.97265625	n/a	522739	STATUS	61490
1021.2890625	n/a	522901	STATUS	61500
1021.58203125	n/a	523051	STATUS	61510
1021.83203125	n/a	523179	STATUS	61450
1023.33203125	n/a	523947	STATUS	61463
1023.69921875	n/a	524135	STATUS	61471
1023.97265625	n/a	524275	STATUS	61472
1024.70703125	n/a	524651	STATUS	61480
1025.71484375	n/a	525167	STATUS	61490
1026.2734375	n/a	525453	STATUS	61501
1026.666015625	n/a	525654	STATUS	61510
1026.916015625	n/a	525782	STATUS	61450
1028.416015625	n/a	526550	STATUS	61463
1028.78125	n/a	526737	STATUS	61471
1029.056640625	n/a	526878	STATUS	61472
1029.791015625	n/a	527254	STATUS	61480
1030.798828125	n/a	527770	STATUS	61490
1031.08203125	n/a	527915	STATUS	61501
1031.390625	n/a	528073	STATUS	61510
1031.640625	n/a	528201	STATUS	61450
1033.140625	n/a	528969	STATUS	61468
1033.5078125	n/a	529157	STATUS	61471
1034.240234375	n/a	529532	STATUS	61472
1034.515625	n/a	529673	STATUS	61480
1035.5234375	n/a	530189	STATUS	61490
1036.125	n/a	530497	STATUS	61501
1036.365234375	n/a	530620	STATUS	61511
1036.615234375	n/a	530748	STATUS	61450
1038.115234375	n/a	531516	STATUS	61468
1038.482421875	n/a	531704	STATUS	61471
1039.216796875	n/a	532080	STATUS	61472
1039.4921875	n/a	532221	STATUS	61480
1040.5	n/a	532737	STATUS	61490
1040.8828125	n/a	532933	STATUS	61501
1041.125	n/a	533057	STATUS	61510
1041.375	n/a	533185	STATUS	61450
1042.875	n/a	533953	STATUS	61463
1043.2421875	n/a	534141	STATUS	61471
1043.515625	n/a	534281	STATUS	61472
1044.25	n/a	534657	STATUS	61480
1045.2578125	n/a	535173	STATUS	61490
1045.93359375	n/a	535519	STATUS	61500
1046.234375	n/a	535673	STATUS	61511
1046.484375	n/a	535801	STATUS	61450
1047.984375	n/a	536569	STATUS	61463
1048.349609375	n/a	536756	STATUS	61471
1048.625	n/a	536897	STATUS	61472
1049.359375	n/a	537273	STATUS	61480
1050.3671875	n/a	537789	STATUS	61490
1050.7578125	n/a	537989	STATUS	61501
1051.076171875	n/a	538152	STATUS	61511
1051.326171875	n/a	538280	STATUS	61450
1052.826171875	n/a	539048	STATUS	61468
1053.19140625	n/a	539235	STATUS	61471
1053.92578125	n/a	539611	STATUS	61472
1054.201171875	n/a	539752	STATUS	61480
1055.208984375	n/a	540268	STATUS	61490
1055.576171875	n/a	540456	STATUS	61501
1055.900390625	n/a	540622	STATUS	61511
1056.150390625	n/a	540750	STATUS	61450
1057.650390625	n/a	541518	STATUS	61463
1058.017578125	n/a	541706	STATUS	61471
1058.29296875	n/a	541847	STATUS	61472
1059.025390625	n/a	542222	STATUS	61480
1060.03515625	n/a	542739	STATUS	61490
1060.384765625	n/a	542918	STATUS	61501
1060.642578125	n/a	543050	STATUS	61511
1060.892578125	n/a	543178	STATUS	61450
1062.392578125	n/a	543946	STATUS	61463
1062.759765625	n/a	544134	STATUS	61471
1063.03515625	n/a	544275	STATUS	61472
1063.767578125	n/a	544650	STATUS	61480
1064.77734375	n/a	545167	STATUS	61490
1065.28515625	n/a	545427	STATUS	61501
1065.826171875	n/a	545704	STATUS	61510
1088.328125	n/a	557225	STATUS	61694
1089.828125	n/a	557993	STATUS	61450
1091.328125	n/a	558761	STATUS	61463
1091.6953125	n/a	558949	STATUS	61471
1091.970703125	n/a	559090	STATUS	61472
1092.703125	n/a	559465	STATUS	61480
1093.712890625	n/a	559982	STATUS	61490
1094.01953125	n/a	560139	STATUS	61501
1094.6875	n/a	560481	STATUS	61510
1094.9375	n/a	560609	STATUS	61450
1096.4375	n/a	561377	STATUS	61463
1096.8046875	n/a	561565	STATUS	61471
1097.078125	n/a	561705	STATUS	61472
1097.8125	n/a	562081	STATUS	61480
1098.8203125	n/a	562597	STATUS	61490
1099.595703125	n/a	562994	STATUS	61501
1099.787109375	n/a	563092	STATUS	61511
1100.037109375	n/a	563220	STATUS	61450
1101.537109375	n/a	563988	STATUS	61463
1101.904296875	n/a	564176	STATUS	61471
1102.1796875	n/a	564317	STATUS	61472
1102.912109375	n/a	564692	STATUS	61480
1103.921875	n/a	565209	STATUS	61490
1104.279296875	n/a	565392	STATUS	61501
1104.595703125	n/a	565554	STATUS	61510
1104.845703125	n/a	565682	STATUS	61450
1106.345703125	n/a	566450	STATUS	61468
1106.712890625	n/a	566638	STATUS	61471
1107.447265625	n/a	567014	STATUS	61472
1107.720703125	n/a	567154	STATUS	61480
1108.73046875	n/a	567671	STATUS	61490
1109.205078125	n/a	567914	STATUS	61501
1109.630859375	n/a	568132	STATUS	61510
1109.880859375	n/a	568260	STATUS	61450
1111.380859375	n/a	569028	STATUS	61463
1111.74609375	n/a	569215	STATUS	61471
1112.021484375	n/a	569356	STATUS	61472
1112.755859375	n/a	569732	STATUS	61480
1113.763671875	n/a	570248	STATUS	61490
1114.2890625	n/a	570517	STATUS	61501
1114.763671875	n/a	570760	STATUS	61510
1115.013671875	n/a	570888	STATUS	61450
1116.513671875	n/a	571656	STATUS	61463
1116.880859375	n/a	571844	STATUS	61471
1117.15625	n/a	571985	STATUS	61472
1117.888671875	n/a	572360	STATUS	61480
1118.896484375	n/a	572876	STATUS	61490
1119.373046875	n/a	573120	STATUS	61501
1119.705078125	n/a	573290	STATUS	61510
1119.955078125	n/a	573418	STATUS	61450
1121.455078125	n/a	574186	STATUS	61463
1121.822265625	n/a	574374	STATUS	61471
1122.09765625	n/a	574515	STATUS	61472
1122.830078125	n/a	574890	STATUS	61480
1123.83984375	n/a	575407	STATUS	61490
1124.615234375	n/a	575804	STATUS	61501
1125.421875	n/a	576217	STATUS	61510
1125.671875	n/a	576345	STATUS	61450
1127.173828125	n/a	577114	STATUS	61468
1127.5390625	n/a	577301	STATUS	61471
1128.2734375	n/a	577677	STATUS	61472
1128.548828125	n/a	577818	STATUS	61480
1129.556640625	n/a	578334	STATUS	61490
1129.939453125	n/a	578530	STATUS	61500
1130.298828125	n/a	578714	STATUS	61511
1130.548828125	n/a	578842	STATUS	61450
1132.048828125	n/a	579610	STATUS	61468
1132.4140625	n/a	579797	STATUS	61471
1133.1484375	n/a	580173	STATUS	61472
1133.423828125	n/a	580314	STATUS	61480
1134.431640625	n/a	580830	STATUS	61490
1134.94921875	n/a	581095	STATUS	61501
1135.298828125	n/a	581274	STATUS	61511
1135.548828125	n/a	581402	STATUS	61450
1137.048828125	n/a	582170	STATUS	61463
1137.416015625	n/a	582358	STATUS	61471
1137.689453125	n/a	582498	STATUS	61472
1138.423828125	n/a	582874	STATUS	61480
1139.431640625	n/a	583390	STATUS	61490
1140.140625	n/a	583753	STATUS	61501
1140.490234375	n/a	583932	STATUS	61511
1140.740234375	n/a	584060	STATUS	61450
1142.240234375	n/a	584828	STATUS	61463
1142.607421875	n/a	585016	STATUS	61471
1142.8828125	n/a	585157	STATUS	61472
1143.615234375	n/a	585532	STATUS	61480
1144.625	n/a	586049	STATUS	61490
1144.94140625	n/a	586211	STATUS	61501
1145.32421875	n/a	586407	STATUS	61511
1145.57421875	n/a	586535	STATUS	61450
1147.07421875	n/a	587303	STATUS	61463
1147.44140625	n/a	587491	STATUS	61471
1147.716796875	n/a	587632	STATUS	61472
1148.44921875	n/a	588007	STATUS	61480
1149.45703125	n/a	588523	STATUS	61490
1149.875	n/a	588737	STATUS	61500
1150.166015625	n/a	588886	STATUS	61511
1150.416015625	n/a	589014	STATUS	61450
1151.916015625	n/a	589782	STATUS	61468
1152.283203125	n/a	589970	STATUS	61471
1153.015625	n/a	590345	STATUS	61472
1153.291015625	n/a	590486	STATUS	61480
1154.30078125	n/a	591003	STATUS	61490
1154.67578125	n/a	591195	STATUS	61501
1154.916015625	n/a	591318	STATUS	61511
1155.166015625	n/a	591446	STATUS	61450
1156.666015625	n/a	592214	STATUS	61463
1157.033203125	n/a	592402	STATUS	61471
1157.30859375	n/a	592543	STATUS	61472
1158.041015625	n/a	592918	STATUS	61480
1159.05078125	n/a	593435	STATUS	61490
1159.734375	n/a	593785	STATUS	61501
1160.19140625	n/a	594019	STATUS	61511
1160.44140625	n/a	594147	STATUS	61450
1161.94140625	n/a	594915	STATUS	61468
1162.30859375	n/a	595103	STATUS	61471
1163.04296875	n/a	595479	STATUS	61472
1163.31640625	n/a	595619	STATUS	61480
1164.326171875	n/a	596136	STATUS	61490
1165.04296875	n/a	596503	STATUS	61501
1165.484375	n/a	596729	STATUS	61511
1165.734375	n/a	596857	STATUS	61450
1167.234375	n/a	597625	STATUS	61463
1167.6015625	n/a	597813	STATUS	61471
1167.875	n/a	597953	STATUS	61472
1168.609375	n/a	598329	STATUS	61480
1169.6171875	n/a	598845	STATUS	61490
1170.150390625	n/a	599118	STATUS	61500
1170.484375	n/a	599289	STATUS	61510
1170.734375	n/a	599417	STATUS	61450
1172.234375	n/a	600185	STATUS	61463
1172.6015625	n/a	600373	STATUS	61471
1172.876953125	n/a	600514	STATUS	61472
1173.609375	n/a	600889	STATUS	61480
1174.6171875	n/a	601405	STATUS	61490
1175.16015625	n/a	601683	STATUS	61501
1175.568359375	n/a	601892	STATUS	61511
1175.818359375	n/a	602020	STATUS	61450
1177.318359375	n/a	602788	STATUS	61463
1177.685546875	n/a	602976	STATUS	61471
1177.9609375	n/a	603117	STATUS	61472
1178.693359375	n/a	603492	STATUS	61480
1179.701171875	n/a	604008	STATUS	61490
1180.134765625	n/a	604230	STATUS	61501
1180.52734375	n/a	604431	STATUS	61511
1180.77734375	n/a	604559	STATUS	61450
1182.27734375	n/a	605327	STATUS	61468
1182.64453125	n/a	605515	STATUS	61471
1183.376953125	n/a	605890	STATUS	61472
1183.65234375	n/a	606031	STATUS	61480
1184.66015625	n/a	606547	STATUS	61490
1185.0859375	n/a	606765	STATUS	61501
1185.3515625	n/a	606901	STATUS	61511
1185.6015625	n/a	607029	STATUS	61450
1187.1015625	n/a	607797	STATUS	61468
1187.46875	n/a	607985	STATUS	61471
1188.203125	n/a	608361	STATUS	61472
1188.4765625	n/a	608501	STATUS	61480
1189.486328125	n/a	609018	STATUS	61490
1190.51171875	n/a	609543	STATUS	61501
1190.90234375	n/a	609743	STATUS	61511
1191.15234375	n/a	609871	STATUS	61450
1192.65234375	n/a	610639	STATUS	61463
1193.01953125	n/a	610827	STATUS	61471
1193.294921875	n/a	610968	STATUS	61472
1194.02734375	n/a	611343	STATUS	61480
1195.037109375	n/a	611860	STATUS	61490
1195.26953125	n/a	611979	STATUS	61501
1195.51171875	n/a	612103	STATUS	61510
1195.76171875	n/a	612231	STATUS	61450
1197.26171875	n/a	612999	STATUS	61468
1197.62890625	n/a	613187	STATUS	61471
1198.361328125	n/a	613562	STATUS	61472
1198.63671875	n/a	613703	STATUS	61480
1199.64453125	n/a	614219	STATUS	61490
1200.154296875	n/a	614480	STATUS	61501
1200.4609375	n/a	614637	STATUS	61511
1200.7109375	n/a	614765	STATUS	61450
1202.2109375	n/a	615533	STATUS	61463
1202.578125	n/a	615721	STATUS	61471
1202.853515625	n/a	615862	STATUS	61472
1203.587890625	n/a	616238	STATUS	61480
1204.595703125	n/a	616754	STATUS	61490
1205.26171875	n/a	617095	STATUS	61501
1205.62890625	n/a	617283	STATUS	61511
1205.87890625	n/a	617411	STATUS	61450
1207.37890625	n/a	618179	STATUS	61468
1207.74609375	n/a	618367	STATUS	61471
1208.478515625	n/a	618742	STATUS	61472
1208.75390625	n/a	618883	STATUS	61480
1209.76171875	n/a	619399	STATUS	61490
1210.587890625	n/a	619822	STATUS	61500
1211.23828125	n/a	620155	STATUS	61510
1211.48828125	n/a	620283	STATUS	61450
1212.98828125	n/a	621051	STATUS	61468
1213.353515625	n/a	621238	STATUS	61471
1214.087890625	n/a	621614	STATUS	61472
1214.36328125	n/a	621755	STATUS	61480
1215.37109375	n/a	622271	STATUS	61490
1216.23046875	n/a	622711	STATUS	61501
1216.705078125	n/a	622954	STATUS	61511
1216.955078125	n/a	623082	STATUS	61450
1218.455078125	n/a	623850	STATUS	61463
1218.822265625	n/a	624038	STATUS	61471
1219.095703125	n/a	624178	STATUS	61472
1219.830078125	n/a	624554	STATUS	61480
1220.837890625	n/a	625070	STATUS	61490
1221.296875	n/a	625305	STATUS	61501
1222.013671875	n/a	625672	STATUS	61510
1222.263671875	n/a	625800	STATUS	61450
1223.763671875	n/a	626568	STATUS	61463
1224.130859375	n/a	626756	STATUS	61471
1224.404296875	n/a	626896	STATUS	61472
1225.138671875	n/a	627272	STATUS	61480
1226.146484375	n/a	627788	STATUS	61490
1226.6796875	n/a	628061	STATUS	61501
1226.84765625	n/a	628147	STATUS	61510
